(kicad_pcb (version 20171130) (host pcbnew "(5.1.9-0-10_14)")

  (general
    (thickness 1.6)
    (drawings 6)
    (tracks 154)
    (zones 0)
    (modules 50)
    (nets 50)
  )

  (page A)
  (title_block
    (date 2021-03-05)
  )

  (layers
    (0 F.Cu signal)
    (31 B.Cu signal)
    (32 B.Adhes user)
    (33 F.Adhes user)
    (34 B.Paste user)
    (35 F.Paste user)
    (36 B.SilkS user)
    (37 F.SilkS user hide)
    (38 B.Mask user)
    (39 F.Mask user)
    (40 Dwgs.User user)
    (41 Cmts.User user)
    (42 Eco1.User user)
    (43 Eco2.User user)
    (44 Edge.Cuts user)
    (45 Margin user)
    (46 B.CrtYd user)
    (47 F.CrtYd user)
    (48 B.Fab user)
    (49 F.Fab user hide)
  )

  (setup
    (last_trace_width 0.25)
    (user_trace_width 0.127)
    (user_trace_width 0.381)
    (user_trace_width 0.508)
    (user_trace_width 0.762)
    (user_trace_width 1.016)
    (user_trace_width 1.27)
    (user_trace_width 1.778)
    (user_trace_width 2.54)
    (trace_clearance 0.2)
    (zone_clearance 0.254)
    (zone_45_only no)
    (trace_min 0.127)
    (via_size 0.8)
    (via_drill 0.4)
    (via_min_size 0.4)
    (via_min_drill 0.3)
    (uvia_size 0.3)
    (uvia_drill 0.1)
    (uvias_allowed no)
    (uvia_min_size 0.2)
    (uvia_min_drill 0.1)
    (edge_width 0.05)
    (segment_width 0.2)
    (pcb_text_width 0.3)
    (pcb_text_size 1.5 1.5)
    (mod_edge_width 0.12)
    (mod_text_size 1 0.8128)
    (mod_text_width 0.15)
    (pad_size 1.53 1.53)
    (pad_drill 1.02)
    (pad_to_mask_clearance 0)
    (aux_axis_origin 0 0)
    (grid_origin 205.74 129.54)
    (visible_elements FFF9BD7F)
    (pcbplotparams
      (layerselection 0x010fc_ffffffff)
      (usegerberextensions false)
      (usegerberattributes true)
      (usegerberadvancedattributes true)
      (creategerberjobfile true)
      (excludeedgelayer true)
      (linewidth 0.100000)
      (plotframeref false)
      (viasonmask false)
      (mode 1)
      (useauxorigin false)
      (hpglpennumber 1)
      (hpglpenspeed 20)
      (hpglpendiameter 15.000000)
      (psnegative false)
      (psa4output false)
      (plotreference true)
      (plotvalue true)
      (plotinvisibletext false)
      (padsonsilk false)
      (subtractmaskfromsilk false)
      (outputformat 1)
      (mirror false)
      (drillshape 1)
      (scaleselection 1)
      (outputdirectory ""))
  )

  (net 0 "")
  (net 1 GND)
  (net 2 /GATE1)
  (net 3 /GATE2)
  (net 4 /GATE3)
  (net 5 /GATE4)
  (net 6 /GATE5)
  (net 7 /GATE6)
  (net 8 "Net-(F1-Pad1)")
  (net 9 "Net-(F1-Pad2)")
  (net 10 "Net-(F2-Pad2)")
  (net 11 "Net-(F2-Pad1)")
  (net 12 "Net-(F3-Pad2)")
  (net 13 "Net-(F3-Pad1)")
  (net 14 "Net-(F4-Pad1)")
  (net 15 "Net-(F4-Pad2)")
  (net 16 "Net-(F5-Pad2)")
  (net 17 "Net-(F5-Pad1)")
  (net 18 "Net-(F6-Pad1)")
  (net 19 "Net-(F6-Pad2)")
  (net 20 +12V)
  (net 21 /CANL)
  (net 22 /CANH)
  (net 23 "Net-(JP1-Pad1)")
  (net 24 "Net-(JP2-Pad1)")
  (net 25 "Net-(JP3-Pad1)")
  (net 26 /STBY)
  (net 27 /CANRX)
  (net 28 /CANTX)
  (net 29 "Net-(U1-PadPC15)")
  (net 30 "Net-(U1-PadPC14)")
  (net 31 "Net-(U1-PadPB0)")
  (net 32 "Net-(U1-PadNRST)")
  (net 33 "Net-(U1-PadPB3)")
  (net 34 "Net-(U1-PadAREF)")
  (net 35 "Net-(U1-PadPA4)")
  (net 36 "Net-(U1-PadPA5)")
  (net 37 "Net-(U1-PadPA6)")
  (net 38 "Net-(JP4-Pad1)")
  (net 39 "Net-(U1-PadPA10)")
  (net 40 "Net-(U1-PadPB1)")
  (net 41 /5V)
  (net 42 /3V3)
  (net 43 "Net-(D1-Pad2)")
  (net 44 "Net-(D2-Pad2)")
  (net 45 "Net-(D3-Pad2)")
  (net 46 "Net-(D4-Pad2)")
  (net 47 "Net-(D5-Pad2)")
  (net 48 "Net-(D6-Pad2)")
  (net 49 "Net-(U1-PadPA8)")

  (net_class Default "This is the default net class."
    (clearance 0.2)
    (trace_width 0.25)
    (via_dia 0.8)
    (via_drill 0.4)
    (uvia_dia 0.3)
    (uvia_drill 0.1)
    (add_net +12V)
    (add_net /3V3)
    (add_net /5V)
    (add_net /CANH)
    (add_net /CANL)
    (add_net /CANRX)
    (add_net /CANTX)
    (add_net /GATE1)
    (add_net /GATE2)
    (add_net /GATE3)
    (add_net /GATE4)
    (add_net /GATE5)
    (add_net /GATE6)
    (add_net /STBY)
    (add_net GND)
    (add_net "Net-(D1-Pad2)")
    (add_net "Net-(D2-Pad2)")
    (add_net "Net-(D3-Pad2)")
    (add_net "Net-(D4-Pad2)")
    (add_net "Net-(D5-Pad2)")
    (add_net "Net-(D6-Pad2)")
    (add_net "Net-(F1-Pad1)")
    (add_net "Net-(F1-Pad2)")
    (add_net "Net-(F2-Pad1)")
    (add_net "Net-(F2-Pad2)")
    (add_net "Net-(F3-Pad1)")
    (add_net "Net-(F3-Pad2)")
    (add_net "Net-(F4-Pad1)")
    (add_net "Net-(F4-Pad2)")
    (add_net "Net-(F5-Pad1)")
    (add_net "Net-(F5-Pad2)")
    (add_net "Net-(F6-Pad1)")
    (add_net "Net-(F6-Pad2)")
    (add_net "Net-(JP1-Pad1)")
    (add_net "Net-(JP2-Pad1)")
    (add_net "Net-(JP3-Pad1)")
    (add_net "Net-(JP4-Pad1)")
    (add_net "Net-(U1-PadAREF)")
    (add_net "Net-(U1-PadNRST)")
    (add_net "Net-(U1-PadPA10)")
    (add_net "Net-(U1-PadPA4)")
    (add_net "Net-(U1-PadPA5)")
    (add_net "Net-(U1-PadPA6)")
    (add_net "Net-(U1-PadPA8)")
    (add_net "Net-(U1-PadPB0)")
    (add_net "Net-(U1-PadPB1)")
    (add_net "Net-(U1-PadPB3)")
    (add_net "Net-(U1-PadPC14)")
    (add_net "Net-(U1-PadPC15)")
  )

  (module Connector_Molex:Molex_Mini-Fit_Jr_5569-06A2_2x03_P4.20mm_Horizontal (layer F.Cu) (tedit 5B7818E8) (tstamp 604D9B35)
    (at 53.95722 104.43972 90)
    (descr "Molex Mini-Fit Jr. Power Connectors, old mpn/engineering number: 5569-06A2, example for new mpn: 39-30-0060, 3 Pins per row, Mounting: Snap-in Plastic Peg PCB Lock (http://www.molex.com/pdm_docs/sd/039300020_sd.pdf), generated with kicad-footprint-generator")
    (tags "connector Molex Mini-Fit_Jr top entryplastic_peg")
    (path /603B20BE)
    (fp_text reference J7 (at 4.2 -15.1 90) (layer F.SilkS)
      (effects (font (size 1 1) (thickness 0.15)))
    )
    (fp_text value 39301060 (at 4.2 8.55 90) (layer F.Fab)
      (effects (font (size 1 1) (thickness 0.15)))
    )
    (fp_line (start 11.6 -14.4) (end -3.2 -14.4) (layer F.CrtYd) (width 0.05))
    (fp_line (start 11.6 7.85) (end 11.6 -14.4) (layer F.CrtYd) (width 0.05))
    (fp_line (start -3.2 7.85) (end 11.6 7.85) (layer F.CrtYd) (width 0.05))
    (fp_line (start -3.2 -14.4) (end -3.2 7.85) (layer F.CrtYd) (width 0.05))
    (fp_line (start 0 -2.514214) (end 1 -1.1) (layer F.Fab) (width 0.1))
    (fp_line (start -1 -1.1) (end 0 -2.514214) (layer F.Fab) (width 0.1))
    (fp_line (start -2.6 -0.3) (end -2 0) (layer F.SilkS) (width 0.12))
    (fp_line (start -2.6 0.3) (end -2.6 -0.3) (layer F.SilkS) (width 0.12))
    (fp_line (start -2 0) (end -2.6 0.3) (layer F.SilkS) (width 0.12))
    (fp_line (start 5.81 -1) (end 6.79 -1) (layer F.SilkS) (width 0.12))
    (fp_line (start 1.61 -1) (end 2.59 -1) (layer F.SilkS) (width 0.12))
    (fp_line (start 8.7 2.11) (end 8.7 3.39) (layer F.SilkS) (width 0.12))
    (fp_line (start 8.1 2.11) (end 8.1 3.39) (layer F.SilkS) (width 0.12))
    (fp_line (start 4.5 2.11) (end 4.5 3.39) (layer F.SilkS) (width 0.12))
    (fp_line (start 3.9 2.11) (end 3.9 3.39) (layer F.SilkS) (width 0.12))
    (fp_line (start 0.3 2.11) (end 0.3 3.39) (layer F.SilkS) (width 0.12))
    (fp_line (start -0.3 2.11) (end -0.3 3.39) (layer F.SilkS) (width 0.12))
    (fp_line (start 11.21 -14.01) (end 4.2 -14.01) (layer F.SilkS) (width 0.12))
    (fp_line (start 11.21 -0.99) (end 11.21 -14.01) (layer F.SilkS) (width 0.12))
    (fp_line (start 10.4 -0.99) (end 11.21 -0.99) (layer F.SilkS) (width 0.12))
    (fp_line (start -2.81 -14.01) (end 4.2 -14.01) (layer F.SilkS) (width 0.12))
    (fp_line (start -2.81 -0.99) (end -2.81 -14.01) (layer F.SilkS) (width 0.12))
    (fp_line (start -2 -0.99) (end -2.81 -0.99) (layer F.SilkS) (width 0.12))
    (fp_line (start 11.1 -13.9) (end -2.7 -13.9) (layer F.Fab) (width 0.1))
    (fp_line (start 11.1 -1.1) (end 11.1 -13.9) (layer F.Fab) (width 0.1))
    (fp_line (start -2.7 -1.1) (end 11.1 -1.1) (layer F.Fab) (width 0.1))
    (fp_line (start -2.7 -13.9) (end -2.7 -1.1) (layer F.Fab) (width 0.1))
    (fp_text user %R (at 4.2 -13.2 90) (layer F.Fab)
      (effects (font (size 1 1) (thickness 0.15)))
    )
    (pad 1 thru_hole roundrect (at 0 0 90) (size 2.7 3.7) (drill 1.8) (layers *.Cu *.Mask) (roundrect_rratio 0.09259299999999999)
      (net 20 +12V))
    (pad 2 thru_hole oval (at 4.2 0 90) (size 2.7 3.7) (drill 1.8) (layers *.Cu *.Mask)
      (net 20 +12V))
    (pad 3 thru_hole oval (at 8.4 0 90) (size 2.7 3.7) (drill 1.8) (layers *.Cu *.Mask)
      (net 1 GND))
    (pad 4 thru_hole oval (at 0 5.5 90) (size 2.7 3.7) (drill 1.8) (layers *.Cu *.Mask)
      (net 21 /CANL))
    (pad 5 thru_hole oval (at 4.2 5.5 90) (size 2.7 3.7) (drill 1.8) (layers *.Cu *.Mask)
      (net 22 /CANH))
    (pad 6 thru_hole oval (at 8.4 5.5 90) (size 2.7 3.7) (drill 1.8) (layers *.Cu *.Mask)
      (net 1 GND))
    (pad "" np_thru_hole circle (at 0 -7.3 90) (size 3 3) (drill 3) (layers *.Cu *.Mask))
    (pad "" np_thru_hole circle (at 8.4 -7.3 90) (size 3 3) (drill 3) (layers *.Cu *.Mask))
    (model ${KISYS3DMOD}/Connector_Molex.3dshapes/Molex_Mini-Fit_Jr_5569-06A2_2x03_P4.20mm_Horizontal.wrl
      (at (xyz 0 0 0))
      (scale (xyz 1 1 1))
      (rotate (xyz 0 0 0))
    )
  )

  (module Connector_Molex:Molex_Mini-Fit_Jr_5569-06A2_2x03_P4.20mm_Horizontal (layer F.Cu) (tedit 5B7818E8) (tstamp 604D99FA)
    (at 53.5432 124.38888 90)
    (descr "Molex Mini-Fit Jr. Power Connectors, old mpn/engineering number: 5569-06A2, example for new mpn: 39-30-0060, 3 Pins per row, Mounting: Snap-in Plastic Peg PCB Lock (http://www.molex.com/pdm_docs/sd/039300020_sd.pdf), generated with kicad-footprint-generator")
    (tags "connector Molex Mini-Fit_Jr top entryplastic_peg")
    (path /607180AC)
    (fp_text reference J8 (at 4.2 -15.1 90) (layer F.SilkS)
      (effects (font (size 1 1) (thickness 0.15)))
    )
    (fp_text value 39301060 (at 4.2 8.55 90) (layer F.Fab)
      (effects (font (size 1 1) (thickness 0.15)))
    )
    (fp_line (start -2.7 -13.9) (end -2.7 -1.1) (layer F.Fab) (width 0.1))
    (fp_line (start -2.7 -1.1) (end 11.1 -1.1) (layer F.Fab) (width 0.1))
    (fp_line (start 11.1 -1.1) (end 11.1 -13.9) (layer F.Fab) (width 0.1))
    (fp_line (start 11.1 -13.9) (end -2.7 -13.9) (layer F.Fab) (width 0.1))
    (fp_line (start -2 -0.99) (end -2.81 -0.99) (layer F.SilkS) (width 0.12))
    (fp_line (start -2.81 -0.99) (end -2.81 -14.01) (layer F.SilkS) (width 0.12))
    (fp_line (start -2.81 -14.01) (end 4.2 -14.01) (layer F.SilkS) (width 0.12))
    (fp_line (start 10.4 -0.99) (end 11.21 -0.99) (layer F.SilkS) (width 0.12))
    (fp_line (start 11.21 -0.99) (end 11.21 -14.01) (layer F.SilkS) (width 0.12))
    (fp_line (start 11.21 -14.01) (end 4.2 -14.01) (layer F.SilkS) (width 0.12))
    (fp_line (start -0.3 2.11) (end -0.3 3.39) (layer F.SilkS) (width 0.12))
    (fp_line (start 0.3 2.11) (end 0.3 3.39) (layer F.SilkS) (width 0.12))
    (fp_line (start 3.9 2.11) (end 3.9 3.39) (layer F.SilkS) (width 0.12))
    (fp_line (start 4.5 2.11) (end 4.5 3.39) (layer F.SilkS) (width 0.12))
    (fp_line (start 8.1 2.11) (end 8.1 3.39) (layer F.SilkS) (width 0.12))
    (fp_line (start 8.7 2.11) (end 8.7 3.39) (layer F.SilkS) (width 0.12))
    (fp_line (start 1.61 -1) (end 2.59 -1) (layer F.SilkS) (width 0.12))
    (fp_line (start 5.81 -1) (end 6.79 -1) (layer F.SilkS) (width 0.12))
    (fp_line (start -2 0) (end -2.6 0.3) (layer F.SilkS) (width 0.12))
    (fp_line (start -2.6 0.3) (end -2.6 -0.3) (layer F.SilkS) (width 0.12))
    (fp_line (start -2.6 -0.3) (end -2 0) (layer F.SilkS) (width 0.12))
    (fp_line (start -1 -1.1) (end 0 -2.514214) (layer F.Fab) (width 0.1))
    (fp_line (start 0 -2.514214) (end 1 -1.1) (layer F.Fab) (width 0.1))
    (fp_line (start -3.2 -14.4) (end -3.2 7.85) (layer F.CrtYd) (width 0.05))
    (fp_line (start -3.2 7.85) (end 11.6 7.85) (layer F.CrtYd) (width 0.05))
    (fp_line (start 11.6 7.85) (end 11.6 -14.4) (layer F.CrtYd) (width 0.05))
    (fp_line (start 11.6 -14.4) (end -3.2 -14.4) (layer F.CrtYd) (width 0.05))
    (fp_text user %R (at 4.2 -13.2 90) (layer F.Fab)
      (effects (font (size 1 1) (thickness 0.15)))
    )
    (pad "" np_thru_hole circle (at 8.4 -7.3 90) (size 3 3) (drill 3) (layers *.Cu *.Mask))
    (pad "" np_thru_hole circle (at 0 -7.3 90) (size 3 3) (drill 3) (layers *.Cu *.Mask))
    (pad 6 thru_hole oval (at 8.4 5.5 90) (size 2.7 3.7) (drill 1.8) (layers *.Cu *.Mask)
      (net 1 GND))
    (pad 5 thru_hole oval (at 4.2 5.5 90) (size 2.7 3.7) (drill 1.8) (layers *.Cu *.Mask)
      (net 22 /CANH))
    (pad 4 thru_hole oval (at 0 5.5 90) (size 2.7 3.7) (drill 1.8) (layers *.Cu *.Mask)
      (net 21 /CANL))
    (pad 3 thru_hole oval (at 8.4 0 90) (size 2.7 3.7) (drill 1.8) (layers *.Cu *.Mask)
      (net 1 GND))
    (pad 2 thru_hole oval (at 4.2 0 90) (size 2.7 3.7) (drill 1.8) (layers *.Cu *.Mask)
      (net 20 +12V))
    (pad 1 thru_hole roundrect (at 0 0 90) (size 2.7 3.7) (drill 1.8) (layers *.Cu *.Mask) (roundrect_rratio 0.09259299999999999)
      (net 20 +12V))
    (model ${KISYS3DMOD}/Connector_Molex.3dshapes/Molex_Mini-Fit_Jr_5569-06A2_2x03_P4.20mm_Horizontal.wrl
      (at (xyz 0 0 0))
      (scale (xyz 1 1 1))
      (rotate (xyz 0 0 0))
    )
  )

  (module NUCLEO-L432KC:MODULE_NUCLEO-L432KC (layer F.Cu) (tedit 604CC5E2) (tstamp 604D42C8)
    (at 92.28582 117.50802 270)
    (path /612C180F)
    (fp_text reference U1 (at -5.715 -26.035 90) (layer F.SilkS)
      (effects (font (size 1 1) (thickness 0.015)))
    )
    (fp_text value NUCLEO_L432KC (at 3.81 26.035 90) (layer F.Fab)
      (effects (font (size 1 1) (thickness 0.015)))
    )
    (fp_line (start -9.52 25.395) (end -9.52 -25.395) (layer F.CrtYd) (width 0.05))
    (fp_line (start 9.52 25.395) (end -9.52 25.395) (layer F.CrtYd) (width 0.05))
    (fp_line (start 9.52 -25.395) (end 9.52 25.395) (layer F.CrtYd) (width 0.05))
    (fp_line (start -9.52 -25.395) (end 9.52 -25.395) (layer F.CrtYd) (width 0.05))
    (fp_circle (center -10 -16.5) (end -9.9 -16.5) (layer F.Fab) (width 0.2))
    (fp_circle (center -10 -16.5) (end -9.9 -16.5) (layer F.SilkS) (width 0.2))
    (fp_line (start 9.27 25.145) (end -9.27 25.145) (layer F.SilkS) (width 0.127))
    (fp_line (start 9.27 -25.145) (end 9.27 25.145) (layer F.SilkS) (width 0.127))
    (fp_line (start -9.27 25.145) (end -9.27 -25.145) (layer F.SilkS) (width 0.127))
    (fp_line (start -9.27 -25.145) (end 9.27 -25.145) (layer F.SilkS) (width 0.127))
    (fp_line (start -9.27 25.145) (end -9.27 -25.145) (layer F.Fab) (width 0.127))
    (fp_line (start 9.27 25.145) (end -9.27 25.145) (layer F.Fab) (width 0.127))
    (fp_line (start 9.27 -25.145) (end 9.27 25.145) (layer F.Fab) (width 0.127))
    (fp_line (start -9.27 -25.145) (end 9.27 -25.145) (layer F.Fab) (width 0.127))
    (pad PB4 thru_hole circle (at -7.62 19.345 270) (size 1.53 1.53) (drill 1.02) (layers *.Cu *.Mask)
      (net 7 /GATE6))
    (pad PB5 thru_hole circle (at -7.62 16.805 270) (size 1.53 1.53) (drill 1.02) (layers *.Cu *.Mask)
      (net 6 /GATE5))
    (pad PA11 thru_hole circle (at -7.62 14.265 270) (size 1.53 1.53) (drill 1.02) (layers *.Cu *.Mask)
      (net 27 /CANRX))
    (pad PA8 thru_hole circle (at -7.62 11.725 270) (size 1.53 1.53) (drill 1.02) (layers *.Cu *.Mask)
      (net 49 "Net-(U1-PadPA8)"))
    (pad PC15 thru_hole circle (at -7.62 9.185 270) (size 1.53 1.53) (drill 1.02) (layers *.Cu *.Mask)
      (net 29 "Net-(U1-PadPC15)"))
    (pad PC14 thru_hole circle (at -7.62 6.645 270) (size 1.53 1.53) (drill 1.02) (layers *.Cu *.Mask)
      (net 30 "Net-(U1-PadPC14)"))
    (pad PB1 thru_hole circle (at -7.62 4.105 270) (size 1.53 1.53) (drill 1.02) (layers *.Cu *.Mask)
      (net 40 "Net-(U1-PadPB1)"))
    (pad PB6 thru_hole circle (at -7.62 1.565 270) (size 1.53 1.53) (drill 1.02) (layers *.Cu *.Mask)
      (net 5 /GATE4))
    (pad PB7 thru_hole circle (at -7.62 -0.975 270) (size 1.53 1.53) (drill 1.02) (layers *.Cu *.Mask)
      (net 4 /GATE3))
    (pad PB0 thru_hole circle (at -7.62 -3.515 270) (size 1.53 1.53) (drill 1.02) (layers *.Cu *.Mask)
      (net 31 "Net-(U1-PadPB0)"))
    (pad PA12 thru_hole circle (at -7.62 -6.055 270) (size 1.53 1.53) (drill 1.02) (layers *.Cu *.Mask)
      (net 28 /CANTX))
    (pad GND thru_hole circle (at -7.62 -8.595 270) (size 1.53 1.53) (drill 1.02) (layers *.Cu *.Mask)
      (net 1 GND))
    (pad NRST thru_hole circle (at -7.62 -11.135 270) (size 1.53 1.53) (drill 1.02) (layers *.Cu *.Mask)
      (net 32 "Net-(U1-PadNRST)"))
    (pad PA10 thru_hole circle (at -7.62 -13.675 270) (size 1.53 1.53) (drill 1.02) (layers *.Cu *.Mask)
      (net 39 "Net-(U1-PadPA10)"))
    (pad PA9 thru_hole rect (at -7.62 -16.215 270) (size 1.53 1.53) (drill 1.02) (layers *.Cu *.Mask)
      (net 26 /STBY))
    (pad PB3 thru_hole circle (at 7.62 19.345 270) (size 1.53 1.53) (drill 1.02) (layers *.Cu *.Mask)
      (net 33 "Net-(U1-PadPB3)"))
    (pad 3V3 thru_hole circle (at 7.62 16.805 270) (size 1.53 1.53) (drill 1.02) (layers *.Cu *.Mask)
      (net 42 /3V3))
    (pad AREF thru_hole circle (at 7.62 14.265 270) (size 1.53 1.53) (drill 1.02) (layers *.Cu *.Mask)
      (net 34 "Net-(U1-PadAREF)"))
    (pad PA0 thru_hole circle (at 7.62 11.725 270) (size 1.53 1.53) (drill 1.02) (layers *.Cu *.Mask)
      (net 25 "Net-(JP3-Pad1)"))
    (pad PA1 thru_hole circle (at 7.62 9.185 270) (size 1.53 1.53) (drill 1.02) (layers *.Cu *.Mask)
      (net 24 "Net-(JP2-Pad1)"))
    (pad PA3 thru_hole circle (at 7.62 6.645 270) (size 1.53 1.53) (drill 1.02) (layers *.Cu *.Mask)
      (net 23 "Net-(JP1-Pad1)"))
    (pad PA4 thru_hole circle (at 7.62 4.105 270) (size 1.53 1.53) (drill 1.02) (layers *.Cu *.Mask)
      (net 35 "Net-(U1-PadPA4)"))
    (pad PA5 thru_hole circle (at 7.62 1.565 270) (size 1.53 1.53) (drill 1.02) (layers *.Cu *.Mask)
      (net 36 "Net-(U1-PadPA5)"))
    (pad PA6 thru_hole circle (at 7.62 -0.975 270) (size 1.53 1.53) (drill 1.02) (layers *.Cu *.Mask)
      (net 37 "Net-(U1-PadPA6)"))
    (pad PA7 thru_hole circle (at 7.62 -3.515 270) (size 1.53 1.53) (drill 1.02) (layers *.Cu *.Mask)
      (net 3 /GATE2))
    (pad PA2 thru_hole circle (at 7.62 -6.055 270) (size 1.53 1.53) (drill 1.02) (layers *.Cu *.Mask)
      (net 2 /GATE1))
    (pad 5V thru_hole circle (at 7.62 -8.595 270) (size 1.53 1.53) (drill 1.02) (layers *.Cu *.Mask)
      (net 41 /5V))
    (pad NRST thru_hole circle (at 7.62 -11.135 270) (size 1.53 1.53) (drill 1.02) (layers *.Cu *.Mask)
      (net 32 "Net-(U1-PadNRST)"))
    (pad GND thru_hole circle (at 7.62 -13.675 270) (size 1.53 1.53) (drill 1.02) (layers *.Cu *.Mask)
      (net 1 GND))
    (pad VIN thru_hole rect (at 7.62 -16.215 270) (size 1.53 1.53) (drill 1.02) (layers *.Cu *.Mask)
      (net 20 +12V))
  )

  (module MCP2562FD-E_SN:MCP2562FD-E_SN (layer B.Cu) (tedit 604CCA0E) (tstamp 604D383D)
    (at 75.28052 98.68662 180)
    (path /612D37CA)
    (fp_text reference U2 (at -2.54 3.81) (layer B.SilkS)
      (effects (font (size 1 1) (thickness 0.15)) (justify mirror))
    )
    (fp_text value MCP2562FD-E_SN (at 0 6.35) (layer B.SilkS) hide
      (effects (font (size 1 1) (thickness 0.15)) (justify mirror))
    )
    (fp_line (start -2.2098 -2.4384) (end -3.6068 -2.4384) (layer B.CrtYd) (width 0.1524))
    (fp_line (start -2.2098 -2.7051) (end -2.2098 -2.4384) (layer B.CrtYd) (width 0.1524))
    (fp_line (start 2.2098 -2.7051) (end -2.2098 -2.7051) (layer B.CrtYd) (width 0.1524))
    (fp_line (start 2.2098 -2.4384) (end 2.2098 -2.7051) (layer B.CrtYd) (width 0.1524))
    (fp_line (start 3.6068 -2.4384) (end 2.2098 -2.4384) (layer B.CrtYd) (width 0.1524))
    (fp_line (start 3.6068 2.4384) (end 3.6068 -2.4384) (layer B.CrtYd) (width 0.1524))
    (fp_line (start 2.2098 2.4384) (end 3.6068 2.4384) (layer B.CrtYd) (width 0.1524))
    (fp_line (start 2.2098 2.7051) (end 2.2098 2.4384) (layer B.CrtYd) (width 0.1524))
    (fp_line (start -2.2098 2.7051) (end 2.2098 2.7051) (layer B.CrtYd) (width 0.1524))
    (fp_line (start -2.2098 2.4384) (end -2.2098 2.7051) (layer B.CrtYd) (width 0.1524))
    (fp_line (start -3.6068 2.4384) (end -2.2098 2.4384) (layer B.CrtYd) (width 0.1524))
    (fp_line (start -3.6068 -2.4384) (end -3.6068 2.4384) (layer B.CrtYd) (width 0.1524))
    (fp_line (start -1.9558 2.4511) (end -1.9558 -2.4511) (layer B.Fab) (width 0.1524))
    (fp_line (start 1.9558 2.4511) (end -1.9558 2.4511) (layer B.Fab) (width 0.1524))
    (fp_line (start 1.9558 -2.4511) (end 1.9558 2.4511) (layer B.Fab) (width 0.1524))
    (fp_line (start -1.9558 -2.4511) (end 1.9558 -2.4511) (layer B.Fab) (width 0.1524))
    (fp_line (start 2.0828 2.5781) (end -2.0828 2.5781) (layer B.SilkS) (width 0.1524))
    (fp_line (start -2.0828 -2.5781) (end 2.0828 -2.5781) (layer B.SilkS) (width 0.1524))
    (fp_line (start 2.9972 2.159) (end 1.9558 2.159) (layer B.Fab) (width 0.1524))
    (fp_line (start 2.9972 1.651) (end 2.9972 2.159) (layer B.Fab) (width 0.1524))
    (fp_line (start 1.9558 1.651) (end 2.9972 1.651) (layer B.Fab) (width 0.1524))
    (fp_line (start 1.9558 2.159) (end 1.9558 1.651) (layer B.Fab) (width 0.1524))
    (fp_line (start 2.9972 0.889) (end 1.9558 0.889) (layer B.Fab) (width 0.1524))
    (fp_line (start 2.9972 0.381) (end 2.9972 0.889) (layer B.Fab) (width 0.1524))
    (fp_line (start 1.9558 0.381) (end 2.9972 0.381) (layer B.Fab) (width 0.1524))
    (fp_line (start 1.9558 0.889) (end 1.9558 0.381) (layer B.Fab) (width 0.1524))
    (fp_line (start 2.9972 -0.381) (end 1.9558 -0.381) (layer B.Fab) (width 0.1524))
    (fp_line (start 2.9972 -0.889) (end 2.9972 -0.381) (layer B.Fab) (width 0.1524))
    (fp_line (start 1.9558 -0.889) (end 2.9972 -0.889) (layer B.Fab) (width 0.1524))
    (fp_line (start 1.9558 -0.381) (end 1.9558 -0.889) (layer B.Fab) (width 0.1524))
    (fp_line (start 2.9972 -1.651) (end 1.9558 -1.651) (layer B.Fab) (width 0.1524))
    (fp_line (start 2.9972 -2.159) (end 2.9972 -1.651) (layer B.Fab) (width 0.1524))
    (fp_line (start 1.9558 -2.159) (end 2.9972 -2.159) (layer B.Fab) (width 0.1524))
    (fp_line (start 1.9558 -1.651) (end 1.9558 -2.159) (layer B.Fab) (width 0.1524))
    (fp_line (start -2.9972 -2.159) (end -1.9558 -2.159) (layer B.Fab) (width 0.1524))
    (fp_line (start -2.9972 -1.651) (end -2.9972 -2.159) (layer B.Fab) (width 0.1524))
    (fp_line (start -1.9558 -1.651) (end -2.9972 -1.651) (layer B.Fab) (width 0.1524))
    (fp_line (start -1.9558 -2.159) (end -1.9558 -1.651) (layer B.Fab) (width 0.1524))
    (fp_line (start -2.9972 -0.889) (end -1.9558 -0.889) (layer B.Fab) (width 0.1524))
    (fp_line (start -2.9972 -0.381) (end -2.9972 -0.889) (layer B.Fab) (width 0.1524))
    (fp_line (start -1.9558 -0.381) (end -2.9972 -0.381) (layer B.Fab) (width 0.1524))
    (fp_line (start -1.9558 -0.889) (end -1.9558 -0.381) (layer B.Fab) (width 0.1524))
    (fp_line (start -2.9972 0.381) (end -1.9558 0.381) (layer B.Fab) (width 0.1524))
    (fp_line (start -2.9972 0.889) (end -2.9972 0.381) (layer B.Fab) (width 0.1524))
    (fp_line (start -1.9558 0.889) (end -2.9972 0.889) (layer B.Fab) (width 0.1524))
    (fp_line (start -1.9558 0.381) (end -1.9558 0.889) (layer B.Fab) (width 0.1524))
    (fp_line (start -2.9972 1.651) (end -1.9558 1.651) (layer B.Fab) (width 0.1524))
    (fp_line (start -2.9972 2.159) (end -2.9972 1.651) (layer B.Fab) (width 0.1524))
    (fp_line (start -1.9558 2.159) (end -2.9972 2.159) (layer B.Fab) (width 0.1524))
    (fp_line (start -1.9558 1.651) (end -1.9558 2.159) (layer B.Fab) (width 0.1524))
    (fp_arc (start 0 2.4511) (end 0.3048 2.4511) (angle -180) (layer B.Fab) (width 0.1524))
    (fp_text user * (at -1.5748 2.3749) (layer B.Fab)
      (effects (font (size 1 1) (thickness 0.15)) (justify mirror))
    )
    (fp_text user 0.078in/1.981mm (at -2.3622 -4.8641) (layer Dwgs.User) hide
      (effects (font (size 1 1) (thickness 0.15)))
    )
    (fp_text user 0.186in/4.724mm (at 0 4.8641) (layer Dwgs.User) hide
      (effects (font (size 1 1) (thickness 0.15)))
    )
    (fp_text user 0.022in/0.559mm (at 5.4102 1.905) (layer Dwgs.User) hide
      (effects (font (size 1 1) (thickness 0.15)))
    )
    (fp_text user 0.05in/1.27mm (at -5.4102 1.27) (layer Dwgs.User) hide
      (effects (font (size 1 1) (thickness 0.15)))
    )
    (fp_text user * (at -1.5748 2.3749) (layer B.Fab)
      (effects (font (size 1 1) (thickness 0.15)) (justify mirror))
    )
    (fp_text user "Copyright 2016 Accelerated Designs. All rights reserved." (at 0 0) (layer Cmts.User)
      (effects (font (size 0.127 0.127) (thickness 0.002)))
    )
    (pad 8 smd rect (at 2.3622 1.905 180) (size 1.9812 0.5588) (layers B.Cu B.Paste B.Mask)
      (net 26 /STBY))
    (pad 7 smd rect (at 2.3622 0.635 180) (size 1.9812 0.5588) (layers B.Cu B.Paste B.Mask)
      (net 22 /CANH))
    (pad 6 smd rect (at 2.3622 -0.635 180) (size 1.9812 0.5588) (layers B.Cu B.Paste B.Mask)
      (net 21 /CANL))
    (pad 5 smd rect (at 2.3622 -1.905 180) (size 1.9812 0.5588) (layers B.Cu B.Paste B.Mask)
      (net 42 /3V3))
    (pad 4 smd rect (at -2.3622 -1.905 180) (size 1.9812 0.5588) (layers B.Cu B.Paste B.Mask)
      (net 27 /CANRX))
    (pad 3 smd rect (at -2.3622 -0.635 180) (size 1.9812 0.5588) (layers B.Cu B.Paste B.Mask)
      (net 41 /5V))
    (pad 2 smd rect (at -2.3622 0.635 180) (size 1.9812 0.5588) (layers B.Cu B.Paste B.Mask)
      (net 1 GND))
    (pad 1 smd rect (at -2.3622 1.905 180) (size 1.9812 0.5588) (layers B.Cu B.Paste B.Mask)
      (net 28 /CANTX))
  )

  (module Resistor_SMD:R_0603_1608Metric (layer B.Cu) (tedit 604BFF19) (tstamp 604CF510)
    (at 75.47102 122.48642)
    (descr "Resistor SMD 0603 (1608 Metric), square (rectangular) end terminal, IPC_7351 nominal, (Body size source: IPC-SM-782 page 72, https://www.pcb-3d.com/wordpress/wp-content/uploads/ipc-sm-782a_amendment_1_and_2.pdf), generated with kicad-footprint-generator")
    (tags resistor)
    (path /6033CE98)
    (attr smd)
    (fp_text reference R10 (at -2.921 0) (layer B.SilkS)
      (effects (font (size 1 1) (thickness 0.15)) (justify mirror))
    )
    (fp_text value 10K (at 0 -1.43) (layer B.Fab)
      (effects (font (size 1 1) (thickness 0.15)) (justify mirror))
    )
    (fp_line (start 1.48 -0.73) (end -1.48 -0.73) (layer B.CrtYd) (width 0.05))
    (fp_line (start 1.48 0.73) (end 1.48 -0.73) (layer B.CrtYd) (width 0.05))
    (fp_line (start -1.48 0.73) (end 1.48 0.73) (layer B.CrtYd) (width 0.05))
    (fp_line (start -1.48 -0.73) (end -1.48 0.73) (layer B.CrtYd) (width 0.05))
    (fp_line (start -0.237258 -0.5225) (end 0.237258 -0.5225) (layer B.SilkS) (width 0.12))
    (fp_line (start -0.237258 0.5225) (end 0.237258 0.5225) (layer B.SilkS) (width 0.12))
    (fp_line (start 0.8 -0.4125) (end -0.8 -0.4125) (layer B.Fab) (width 0.1))
    (fp_line (start 0.8 0.4125) (end 0.8 -0.4125) (layer B.Fab) (width 0.1))
    (fp_line (start -0.8 0.4125) (end 0.8 0.4125) (layer B.Fab) (width 0.1))
    (fp_line (start -0.8 -0.4125) (end -0.8 0.4125) (layer B.Fab) (width 0.1))
    (fp_text user %R (at 0 0) (layer B.Fab)
      (effects (font (size 0.4 0.4) (thickness 0.06)) (justify mirror))
    )
    (pad 1 smd roundrect (at -0.825 0) (size 0.8 0.95) (layers B.Cu B.Paste B.Mask) (roundrect_rratio 0.25)
      (net 6 /GATE5))
    (pad 2 smd roundrect (at 0.825 0) (size 0.8 0.95) (layers B.Cu B.Paste B.Mask) (roundrect_rratio 0.25)
      (net 1 GND))
    (model ${KISYS3DMOD}/Resistor_SMD.3dshapes/R_0603_1608Metric.wrl
      (at (xyz 0 0 0))
      (scale (xyz 1 1 1))
      (rotate (xyz 0 0 0))
    )
  )

  (module Resistor_SMD:R_0603_1608Metric (layer B.Cu) (tedit 604CC6F6) (tstamp 604D37A3)
    (at 87.79002 121.08942)
    (descr "Resistor SMD 0603 (1608 Metric), square (rectangular) end terminal, IPC_7351 nominal, (Body size source: IPC-SM-782 page 72, https://www.pcb-3d.com/wordpress/wp-content/uploads/ipc-sm-782a_amendment_1_and_2.pdf), generated with kicad-footprint-generator")
    (tags resistor)
    (path /604D3925)
    (attr smd)
    (fp_text reference R14 (at 0 1.397) (layer B.SilkS)
      (effects (font (size 1 1) (thickness 0.15)) (justify mirror))
    )
    (fp_text value 10K (at 0 -1.524) (layer B.Fab)
      (effects (font (size 1 1) (thickness 0.15)) (justify mirror))
    )
    (fp_line (start -0.8 -0.4125) (end -0.8 0.4125) (layer B.Fab) (width 0.1))
    (fp_line (start -0.8 0.4125) (end 0.8 0.4125) (layer B.Fab) (width 0.1))
    (fp_line (start 0.8 0.4125) (end 0.8 -0.4125) (layer B.Fab) (width 0.1))
    (fp_line (start 0.8 -0.4125) (end -0.8 -0.4125) (layer B.Fab) (width 0.1))
    (fp_line (start -0.237258 0.5225) (end 0.237258 0.5225) (layer B.SilkS) (width 0.12))
    (fp_line (start -0.237258 -0.5225) (end 0.237258 -0.5225) (layer B.SilkS) (width 0.12))
    (fp_line (start -1.48 -0.73) (end -1.48 0.73) (layer B.CrtYd) (width 0.05))
    (fp_line (start -1.48 0.73) (end 1.48 0.73) (layer B.CrtYd) (width 0.05))
    (fp_line (start 1.48 0.73) (end 1.48 -0.73) (layer B.CrtYd) (width 0.05))
    (fp_line (start 1.48 -0.73) (end -1.48 -0.73) (layer B.CrtYd) (width 0.05))
    (fp_text user %R (at 0 0) (layer B.Fab)
      (effects (font (size 0.4 0.4) (thickness 0.06)) (justify mirror))
    )
    (pad 2 smd roundrect (at 0.825 0) (size 0.8 0.95) (layers B.Cu B.Paste B.Mask) (roundrect_rratio 0.25)
      (net 1 GND))
    (pad 1 smd roundrect (at -0.825 0) (size 0.8 0.95) (layers B.Cu B.Paste B.Mask) (roundrect_rratio 0.25)
      (net 23 "Net-(JP1-Pad1)"))
    (model ${KISYS3DMOD}/Resistor_SMD.3dshapes/R_0603_1608Metric.wrl
      (at (xyz 0 0 0))
      (scale (xyz 1 1 1))
      (rotate (xyz 0 0 0))
    )
  )

  (module Resistor_SMD:R_0603_1608Metric (layer B.Cu) (tedit 604CC6E6) (tstamp 604D72D0)
    (at 84.36102 121.08942)
    (descr "Resistor SMD 0603 (1608 Metric), square (rectangular) end terminal, IPC_7351 nominal, (Body size source: IPC-SM-782 page 72, https://www.pcb-3d.com/wordpress/wp-content/uploads/ipc-sm-782a_amendment_1_and_2.pdf), generated with kicad-footprint-generator")
    (tags resistor)
    (path /604D4814)
    (attr smd)
    (fp_text reference R15 (at 0 1.397) (layer B.SilkS)
      (effects (font (size 1 1) (thickness 0.15)) (justify mirror))
    )
    (fp_text value 10K (at 0 -1.524) (layer B.Fab)
      (effects (font (size 1 1) (thickness 0.15)) (justify mirror))
    )
    (fp_line (start -0.8 -0.4125) (end -0.8 0.4125) (layer B.Fab) (width 0.1))
    (fp_line (start -0.8 0.4125) (end 0.8 0.4125) (layer B.Fab) (width 0.1))
    (fp_line (start 0.8 0.4125) (end 0.8 -0.4125) (layer B.Fab) (width 0.1))
    (fp_line (start 0.8 -0.4125) (end -0.8 -0.4125) (layer B.Fab) (width 0.1))
    (fp_line (start -0.237258 0.5225) (end 0.237258 0.5225) (layer B.SilkS) (width 0.12))
    (fp_line (start -0.237258 -0.5225) (end 0.237258 -0.5225) (layer B.SilkS) (width 0.12))
    (fp_line (start -1.48 -0.73) (end -1.48 0.73) (layer B.CrtYd) (width 0.05))
    (fp_line (start -1.48 0.73) (end 1.48 0.73) (layer B.CrtYd) (width 0.05))
    (fp_line (start 1.48 0.73) (end 1.48 -0.73) (layer B.CrtYd) (width 0.05))
    (fp_line (start 1.48 -0.73) (end -1.48 -0.73) (layer B.CrtYd) (width 0.05))
    (fp_text user %R (at 0 0) (layer B.Fab)
      (effects (font (size 0.4 0.4) (thickness 0.06)) (justify mirror))
    )
    (pad 2 smd roundrect (at 0.825 0) (size 0.8 0.95) (layers B.Cu B.Paste B.Mask) (roundrect_rratio 0.25)
      (net 1 GND))
    (pad 1 smd roundrect (at -0.825 0) (size 0.8 0.95) (layers B.Cu B.Paste B.Mask) (roundrect_rratio 0.25)
      (net 24 "Net-(JP2-Pad1)"))
    (model ${KISYS3DMOD}/Resistor_SMD.3dshapes/R_0603_1608Metric.wrl
      (at (xyz 0 0 0))
      (scale (xyz 1 1 1))
      (rotate (xyz 0 0 0))
    )
  )

  (module Resistor_SMD:R_0603_1608Metric (layer B.Cu) (tedit 604CC32D) (tstamp 604D37C5)
    (at 80.93202 121.08942 180)
    (descr "Resistor SMD 0603 (1608 Metric), square (rectangular) end terminal, IPC_7351 nominal, (Body size source: IPC-SM-782 page 72, https://www.pcb-3d.com/wordpress/wp-content/uploads/ipc-sm-782a_amendment_1_and_2.pdf), generated with kicad-footprint-generator")
    (tags resistor)
    (path /604D5327)
    (attr smd)
    (fp_text reference R16 (at 0 -1.524 180) (layer B.SilkS)
      (effects (font (size 1 1) (thickness 0.15)) (justify mirror))
    )
    (fp_text value 10K (at 0 1.397 180) (layer B.Fab)
      (effects (font (size 1 1) (thickness 0.15)) (justify mirror))
    )
    (fp_line (start -0.8 -0.4125) (end -0.8 0.4125) (layer B.Fab) (width 0.1))
    (fp_line (start -0.8 0.4125) (end 0.8 0.4125) (layer B.Fab) (width 0.1))
    (fp_line (start 0.8 0.4125) (end 0.8 -0.4125) (layer B.Fab) (width 0.1))
    (fp_line (start 0.8 -0.4125) (end -0.8 -0.4125) (layer B.Fab) (width 0.1))
    (fp_line (start -0.237258 0.5225) (end 0.237258 0.5225) (layer B.SilkS) (width 0.12))
    (fp_line (start -0.237258 -0.5225) (end 0.237258 -0.5225) (layer B.SilkS) (width 0.12))
    (fp_line (start -1.48 -0.73) (end -1.48 0.73) (layer B.CrtYd) (width 0.05))
    (fp_line (start -1.48 0.73) (end 1.48 0.73) (layer B.CrtYd) (width 0.05))
    (fp_line (start 1.48 0.73) (end 1.48 -0.73) (layer B.CrtYd) (width 0.05))
    (fp_line (start 1.48 -0.73) (end -1.48 -0.73) (layer B.CrtYd) (width 0.05))
    (fp_text user %R (at 0 0 180) (layer B.Fab)
      (effects (font (size 0.4 0.4) (thickness 0.06)) (justify mirror))
    )
    (pad 2 smd roundrect (at 0.825 0 180) (size 0.8 0.95) (layers B.Cu B.Paste B.Mask) (roundrect_rratio 0.25)
      (net 1 GND))
    (pad 1 smd roundrect (at -0.825 0 180) (size 0.8 0.95) (layers B.Cu B.Paste B.Mask) (roundrect_rratio 0.25)
      (net 25 "Net-(JP3-Pad1)"))
    (model ${KISYS3DMOD}/Resistor_SMD.3dshapes/R_0603_1608Metric.wrl
      (at (xyz 0 0 0))
      (scale (xyz 1 1 1))
      (rotate (xyz 0 0 0))
    )
  )

  (module Capacitor_SMD:C_0603_1608Metric (layer B.Cu) (tedit 5F68FEEE) (tstamp 604E688E)
    (at 80.86852 99.14382)
    (descr "Capacitor SMD 0603 (1608 Metric), square (rectangular) end terminal, IPC_7351 nominal, (Body size source: IPC-SM-782 page 76, https://www.pcb-3d.com/wordpress/wp-content/uploads/ipc-sm-782a_amendment_1_and_2.pdf), generated with kicad-footprint-generator")
    (tags capacitor)
    (path /604C7153)
    (attr smd)
    (fp_text reference C1 (at 0 1.43) (layer B.SilkS)
      (effects (font (size 1 1) (thickness 0.15)) (justify mirror))
    )
    (fp_text value 100nF (at 0 -1.43) (layer B.Fab)
      (effects (font (size 1 1) (thickness 0.15)) (justify mirror))
    )
    (fp_line (start -0.8 -0.4) (end -0.8 0.4) (layer B.Fab) (width 0.1))
    (fp_line (start -0.8 0.4) (end 0.8 0.4) (layer B.Fab) (width 0.1))
    (fp_line (start 0.8 0.4) (end 0.8 -0.4) (layer B.Fab) (width 0.1))
    (fp_line (start 0.8 -0.4) (end -0.8 -0.4) (layer B.Fab) (width 0.1))
    (fp_line (start -0.14058 0.51) (end 0.14058 0.51) (layer B.SilkS) (width 0.12))
    (fp_line (start -0.14058 -0.51) (end 0.14058 -0.51) (layer B.SilkS) (width 0.12))
    (fp_line (start -1.48 -0.73) (end -1.48 0.73) (layer B.CrtYd) (width 0.05))
    (fp_line (start -1.48 0.73) (end 1.48 0.73) (layer B.CrtYd) (width 0.05))
    (fp_line (start 1.48 0.73) (end 1.48 -0.73) (layer B.CrtYd) (width 0.05))
    (fp_line (start 1.48 -0.73) (end -1.48 -0.73) (layer B.CrtYd) (width 0.05))
    (fp_text user %R (at 0 0) (layer B.Fab)
      (effects (font (size 0.4 0.4) (thickness 0.06)) (justify mirror))
    )
    (pad 2 smd roundrect (at 0.775 0) (size 0.9 0.95) (layers B.Cu B.Paste B.Mask) (roundrect_rratio 0.25)
      (net 1 GND))
    (pad 1 smd roundrect (at -0.775 0) (size 0.9 0.95) (layers B.Cu B.Paste B.Mask) (roundrect_rratio 0.25)
      (net 41 /5V))
    (model ${KISYS3DMOD}/Capacitor_SMD.3dshapes/C_0603_1608Metric.wrl
      (at (xyz 0 0 0))
      (scale (xyz 1 1 1))
      (rotate (xyz 0 0 0))
    )
  )

  (module Capacitor_SMD:C_0603_1608Metric (layer B.Cu) (tedit 604C15D1) (tstamp 604C3378)
    (at 73.15962 102.36962)
    (descr "Capacitor SMD 0603 (1608 Metric), square (rectangular) end terminal, IPC_7351 nominal, (Body size source: IPC-SM-782 page 76, https://www.pcb-3d.com/wordpress/wp-content/uploads/ipc-sm-782a_amendment_1_and_2.pdf), generated with kicad-footprint-generator")
    (tags capacitor)
    (path /604C5E65)
    (attr smd)
    (fp_text reference C2 (at 0.762 1.397) (layer B.SilkS)
      (effects (font (size 1 1) (thickness 0.15)) (justify mirror))
    )
    (fp_text value 100nF (at 0 -1.524) (layer B.Fab)
      (effects (font (size 1 1) (thickness 0.15)) (justify mirror))
    )
    (fp_line (start 1.48 -0.73) (end -1.48 -0.73) (layer B.CrtYd) (width 0.05))
    (fp_line (start 1.48 0.73) (end 1.48 -0.73) (layer B.CrtYd) (width 0.05))
    (fp_line (start -1.48 0.73) (end 1.48 0.73) (layer B.CrtYd) (width 0.05))
    (fp_line (start -1.48 -0.73) (end -1.48 0.73) (layer B.CrtYd) (width 0.05))
    (fp_line (start -0.14058 -0.51) (end 0.14058 -0.51) (layer B.SilkS) (width 0.12))
    (fp_line (start -0.14058 0.51) (end 0.14058 0.51) (layer B.SilkS) (width 0.12))
    (fp_line (start 0.8 -0.4) (end -0.8 -0.4) (layer B.Fab) (width 0.1))
    (fp_line (start 0.8 0.4) (end 0.8 -0.4) (layer B.Fab) (width 0.1))
    (fp_line (start -0.8 0.4) (end 0.8 0.4) (layer B.Fab) (width 0.1))
    (fp_line (start -0.8 -0.4) (end -0.8 0.4) (layer B.Fab) (width 0.1))
    (fp_text user %R (at 0 0) (layer B.Fab)
      (effects (font (size 0.4 0.4) (thickness 0.06)) (justify mirror))
    )
    (pad 1 smd roundrect (at -0.775 0) (size 0.9 0.95) (layers B.Cu B.Paste B.Mask) (roundrect_rratio 0.25)
      (net 42 /3V3))
    (pad 2 smd roundrect (at 0.775 0) (size 0.9 0.95) (layers B.Cu B.Paste B.Mask) (roundrect_rratio 0.25)
      (net 1 GND))
    (model ${KISYS3DMOD}/Capacitor_SMD.3dshapes/C_0603_1608Metric.wrl
      (at (xyz 0 0 0))
      (scale (xyz 1 1 1))
      (rotate (xyz 0 0 0))
    )
  )

  (module Resistor_SMD:R_0603_1608Metric (layer B.Cu) (tedit 604BFEF2) (tstamp 604B407B)
    (at 92.87002 122.18982)
    (descr "Resistor SMD 0603 (1608 Metric), square (rectangular) end terminal, IPC_7351 nominal, (Body size source: IPC-SM-782 page 72, https://www.pcb-3d.com/wordpress/wp-content/uploads/ipc-sm-782a_amendment_1_and_2.pdf), generated with kicad-footprint-generator")
    (tags resistor)
    (path /6033BCDA)
    (attr smd)
    (fp_text reference R8 (at -2.413 0) (layer B.SilkS)
      (effects (font (size 1 1) (thickness 0.15)) (justify mirror))
    )
    (fp_text value 10K (at 0 -1.43) (layer B.Fab)
      (effects (font (size 1 1) (thickness 0.15)) (justify mirror))
    )
    (fp_line (start -0.8 -0.4125) (end -0.8 0.4125) (layer B.Fab) (width 0.1))
    (fp_line (start -0.8 0.4125) (end 0.8 0.4125) (layer B.Fab) (width 0.1))
    (fp_line (start 0.8 0.4125) (end 0.8 -0.4125) (layer B.Fab) (width 0.1))
    (fp_line (start 0.8 -0.4125) (end -0.8 -0.4125) (layer B.Fab) (width 0.1))
    (fp_line (start -0.237258 0.5225) (end 0.237258 0.5225) (layer B.SilkS) (width 0.12))
    (fp_line (start -0.237258 -0.5225) (end 0.237258 -0.5225) (layer B.SilkS) (width 0.12))
    (fp_line (start -1.48 -0.73) (end -1.48 0.73) (layer B.CrtYd) (width 0.05))
    (fp_line (start -1.48 0.73) (end 1.48 0.73) (layer B.CrtYd) (width 0.05))
    (fp_line (start 1.48 0.73) (end 1.48 -0.73) (layer B.CrtYd) (width 0.05))
    (fp_line (start 1.48 -0.73) (end -1.48 -0.73) (layer B.CrtYd) (width 0.05))
    (fp_text user %R (at 0 0) (layer B.Fab)
      (effects (font (size 0.4 0.4) (thickness 0.06)) (justify mirror))
    )
    (pad 2 smd roundrect (at 0.825 0) (size 0.8 0.95) (layers B.Cu B.Paste B.Mask) (roundrect_rratio 0.25)
      (net 1 GND))
    (pad 1 smd roundrect (at -0.825 0) (size 0.8 0.95) (layers B.Cu B.Paste B.Mask) (roundrect_rratio 0.25)
      (net 5 /GATE4))
    (model ${KISYS3DMOD}/Resistor_SMD.3dshapes/R_0603_1608Metric.wrl
      (at (xyz 0 0 0))
      (scale (xyz 1 1 1))
      (rotate (xyz 0 0 0))
    )
  )

  (module Package_SO:SOIC-8-1EP_3.9x4.9mm_P1.27mm_EP2.29x3mm (layer B.Cu) (tedit 604BFFF0) (tstamp 604C5038)
    (at 76.37272 115.43792 90)
    (descr "SOIC, 8 Pin (https://www.analog.com/media/en/technical-documentation/data-sheets/ada4898-1_4898-2.pdf#page=29), generated with kicad-footprint-generator ipc_gullwing_generator.py")
    (tags "SOIC SO")
    (path /6047A131)
    (attr smd)
    (fp_text reference Q5 (at 0 3.683 180) (layer B.SilkS)
